.0654988500
.0981913250
.0863063250
.1008641500
.0594639750
.0846027750
.1423658750
.1000776500
.1251247500
.0977725250
.0699395000
.1382595000
.0944013000
.1617762500
.0719955000
.0649857500
.0608257000
.0872530000
.0944253000
.0691226250
.0570109000
.0612537500
.1477652500
.0573304250
.0731886000
.1185859250
.1279502500
.1198262500
.0569474000
.0793570000
.0741807500
.0954858750
.0582067000
.0780420250
.0782015250
.1054850250
.1643270000
.1165470000
.1584010000
.0914732750
.0576096750
.0661494750
.0925963500
.0860840750
.0475586500
.1082274250
.0997719750
.0579223250
.0765971000
.0568531750
.1473072500
.1406797500
.0972489000
.2724935000
.0600191750
.0525089000
.0990178250
.1032473250
.1225135000
.1067026500
.0551594000
.0581913750
.0679140500
.0733871250
.0740157500
.1259635000
.0698138250
.0667565250
.1068961250
.1002372250
.0665425250
.0819117500
.0799799500
.1177804000
.0662949750
.0793952000
.0772367000
.0600699250
.0599111000
.0657858750
.1005707500
.0564127750
.0862329250
.0768164250
.1054251250
.0831073000
.0790352750
.1016231750
.0724330250
.0497213000
.1821375000
.1426395000
.0585504750
.1267030000
.0838176250
.0882656500
.1113586250
.0920800500
.0749445250
.0940587500
.0669956000
.0729323500
.3028530000
.0805739750
.0550760250
.1131836500
.0698865000
.0635998250
.0587447750
.0892830500
.1002175750
.0692724250
.1039483750
.1434782500
.2508535000
.0644155750
.1982222500
.0703272750
.0566862500
.0887928250
.1212017500
.0658828000
.0922690500
.1035947250
.1375581750
.1509915000
.0686573500
.0739942500
.0598061000
.0805551000
.1022471750
.1263444500
.0778135500
.1119700000
.0906927750
.0620434000
.1266031250
.1808800000
.1108601250
.0916170750
.1034426750
.0602838500
.1016665000
.0981246750
.0612756750
.2049325000
.0874910000
.1620975000
.0473897250
.1167937000
.1080369500
.0702469000
.0839141250
.0648770250
.0598918000
.1150203000
.0720353250
.0892053750
.0770362000
.1110814000
.0816747250
.0546856000
.0858223000
.0496720750
.0965880000
.0671386000
.0498578000
.0545859250
.0576387500
.1433472500
.1684807500
.0587914250
.0657669750
.0517356750
.0661026000
.0774317250
.0590943250
.0619400500
.0549442000
.1435967500
.0666863000
.1040614250
.0783102000
.1182930000
.0559377500
.0839448250
.0931572000
.0784915500
.0788361750
.0891140250
.0929947750
.0532259750
.0902527750
.0705628000
.0435824000
.1072757000
.0750402750
.0630048250
.0686077250
.1639332500
.0799998500
.0856048750
.0671649000
.0689852500
.0703272250
.0857755250
.0471826750
.0712428000
.0763305750
.1228195000
.0827011250
.0926160000
.1121606000
.1326955000
.1016453500
.1088795750
.0769001250
.0617441000
.1506967500
.0857972500
.0657098000
.0621282500
.0898333000
.0523665500
.1104662500
.0569744000
.0949607750
.0547374500
.0614465000
.0944551500
.0797455000
.0774233750
.1857935000
.0671670250
.0954974750
.0999669250
.0766967250
.0531121250
.1725995000
.0478878500
.0414439000
.1278553500
.0714840250
.0596291250
.0812246000
.0536484000
.1194869000
.0746245500
.1323245000
.1392840000
.1222932500
.0694013000
.0959459000
.0771441750
.0956347000
.0669278250
.0759061500
.0612775750
.1090186750
.1414730000
.0838705500
.1428262250
.0446843250
.0535095250
.0754128250
.0781246750
.1679242500
.0542459000
.0922921750
.0655191000
.0937494000
.0596807500
.0882769750
.0499845250
.0539640000
.0708842250
.1021226750
.1156085000
.1611687500
.0996270500
.0945115750
.1168584000
.1036805000
.1308327500
.0687525750
.0552476750
.0809628500
.1149790000
.0873428750
.1650317500
.0649505000
.0697798500
.0564813250
.0592011250
.0737099500
.1888415000
.0921084250
.0596572500
.0878179000
.1829085000
.0616719250
.1211630500
.0674295750
.1100320250
.1338827500
.0627070250
.0872968250
.0786016250
.0983214750
.1255380000
.0683430000
.0796984250
.0708636250
.0920744750
.0625473500
.1712172500
.0745388500
.0590456000
.0875250500
.0727898500
.0645460750
.0709730000
.0504206250
.0751083750
.0921078750
.0723247500
.0846698500
.0682686750
.0607276500
.1045146250
.0631205750
.0567140250
.0541681500
.1106706500
.0664337500
.0876501000
.0922785250
.1070315000
.0532024750
.0536117250
.0464767500
.0652778250
.0636638500
.0543676500
.0970264750
.0857008750
.0825602750
.1155531500
.0629475250
.0860098500
.0600019750
.1249657500
.0789828500
.0703890500
.1059986500
.0726026000
.0765307250
.1004155500
.0589856750
.0631660500
.0691513250
.1003601250
.0848476500
.0786061750
.0785358500
.0874981500
.1052441750
.0959207250
.1198865000
.0458841500
.1136860750
.0935721250
.0714833500
.0921052750
.0684725000
.1365132500
.1028578750
.0597753000
.0975358250
.0571473750
.1204925250
.0689340000
.0550985000
.0558842000
.0682052250
.0756252750
.0745083500
.1005973250
.0860558250
.1969432500
.0786425000
.0876078250
.1099330500
.0914814000
.0686690250
.0937304500
.0835476000
.0656833250
.0659116250
.1662842500
.0543463250
.0804144000
.1629905000
.0518722500
.0799554000
.0977584000
.1342447500
.0868918750
.0771333750
.0701855750
.0722309500
.0485248750
.1472432500
.0442227000
.1376097500
.0782938750
.0661686500
.0900721500
.0794711750
.1146707500
.1003773500
.0735025750
.0679046000
.1336077500
.0906199500
.1027288250
.0742503750
.0786462500
.0579720750
.1023020250
.0660473500
.1006346750
.0801513000
.1183790000
.0504195250
.1339832500
.0786838000
.0632268000
.0716114500
.0991083000
.0996415750
.0690055000
.0545535500
.1481477500
.0806379250
.0584812500
.1492990000
.0773916250
.0474236500
.0615170750
.0580333750
.0497726250
.1201863000
.1009264250
.1166375000
.0634742500
.0949888500
.0545180000
.0830346000
.0715378500
.0831425000